74 45
3900 7800 7800 7800 7800 7800 7800 7800 7800 7800 7800 7800 7800 7800 7800 7800 7800 7800 7800 7800 7800 7800 7800 7800 7800 7800 7800 7800 7958 8265 9569 11234 10915 10163 10115 10093 10108 10148 11033 10917 10898 10902 10902 10402 10402 
3900 3900 3900 3900 3900 3900 3900 3900 3900 3900 3900 3900 3900 3900 3900 3900 3900 3900 3900 3900 3900 3900 3900 3900 3900 3900 3900 4058 4365 5669 7334 7015 6263 6215 6193 6208 6248 7133 7017 6998 7002 7002 6502 6502 10233 
3900 3900 3900 3900 3900 3900 3900 3900 3900 3900 3900 3900 3900 3900 3900 3900 3900 3900 3900 3900 3900 3900 3900 3900 3900 3900 4081 5637 5544 5540 5791 5215 5164 5161 5171 5168 5174 5327 6217 7017 7195 6502 6502 6333 10233 
3900 3900 3900 3900 3900 3900 3900 3900 3900 3900 3900 3900 3900 3900 3900 3900 3900 3900 3900 3900 3900 3900 3900 3900 3900 4014 6546 5285 5687 5397 5115 5104 5105 5104 5104 5104 5104 5110 5174 5330 6233 7292 6333 6333 10233 
3900 3900 3900 3900 3900 3900 3900 3900 3900 3900 3900 3900 3900 3900 3900 3900 3900 3900 3900 3900 3900 3900 3900 4411 4871 6505 5293 5515 5291 5105 5104 5104 5104 5107 5105 5105 5104 5104 5105 5109 5243 5901 6696 6511 10233 
3900 3900 3900 3900 3900 3900 3900 3900 3900 3900 3900 3900 3900 3900 3900 3900 3900 3900 3900 3900 3900 4161 5440 5457 4662 4729 5450 5408 5104 5104 5105 5106 5106 5107 5108 5106 5105 5104 5104 5104 5113 5370 6575 6934 10411 
3900 3900 3900 3900 3900 3900 3900 3900 3900 3900 3900 3900 3900 3900 3900 3900 3900 3900 3904 4932 5112 5439 4286 5401 5627 5261 6025 5102 5246 5173 5180 5232 5283 5474 5189 5116 5108 5105 5104 5104 5106 5352 6573 6971 10512 
3900 3900 3900 3900 3900 3900 3900 3900 3900 3900 3900 3900 3900 3909 5011 4845 4463 4184 6144 4819 4965 5658 5442 4630 4327 4330 4472 5462 5437 5248 5183 5307 5960 6493 6791 5541 5146 5111 5107 5105 5145 5822 7007 6612 10512 
3900 3900 3900 3900 3900 3900 3900 3900 3900 3900 3900 3900 4751 6407 5615 6159 6086 5340 4276 5867 4845 4537 4320 4312 4311 4323 4856 5598 5421 5183 5142 5318 6530 6111 7609 8115 6845 5341 5118 5107 5190 6151 7222 7007 10512 
3900 3900 3900 3900 3900 3900 3900 3900 3900 3900 3900 5699 6547 5638 5880 5016 5198 6116 6790 4302 4308 4310 4310 4310 4316 4394 5579 5218 5111 5053 5054 5256 5583 7547 6233 6617 7595 8316 5655 5130 5173 6156 7507 7222 10907 
3900 3900 3900 3900 3900 3900 3900 3900 3900 3900 5401 6378 5637 5738 4937 4916 4999 5804 7112 5869 4317 4313 4319 4334 4777 5491 5748 5042 5049 5050 5051 5078 5422 6461 6740 6249 6249 7309 7922 5950 5222 6217 7458 7458 11122 
3900 3900 3900 3900 3900 3900 3900 3900 3900 4476 6561 5420 5560 4933 4915 4910 4944 5175 5844 6833 6335 4913 4787 5318 4920 4899 4925 5129 5081 5049 5051 5054 5113 5346 7175 6584 6265 6261 8304 7719 6158 6102 7470 7458 10211 
3900 3900 3900 3900 3900 3900 3900 3900 3957 6600 5203 5425 4928 4914 4910 4909 4951 5350 6268 6093 6197 6243 5580 5689 6846 6615 7716 5610 5262 5105 5052 5052 5053 5114 5511 6718 6856 6265 6272 9141 8496 8652 7615 6311 10165 
3900 3900 3900 3900 3900 3900 3900 4224 6471 5315 5570 4925 4913 4909 4909 4910 4955 5524 6311 6543 6561 7350 6405 7138 5689 5689 6170 8062 6416 5820 5265 5177 5202 5301 6492 7182 6705 6586 6265 6268 7758 7778 6288 6265 10165 
3900 3900 3900 3900 3900 3900 4394 6680 5170 5434 4919 4911 4909 4909 4909 4909 4959 5485 6350 6168 6029 6651 6517 7552 7553 6928 7129 6967 6981 6553 6973 6343 6235 6375 7404 6703 6586 6586 6586 6265 6265 6265 6265 6265 10165 
3900 3900 3900 3900 3900 4093 6840 4873 5199 4913 4911 4909 4909 4909 4909 4909 4955 5491 6162 6015 6016 6465 6421 7917 8949 8729 7701 7645 7230 8529 7599 7064 6492 6936 6586 6586 6586 6586 6586 6586 6265 6265 6265 6265 10165 
3900 3900 3900 3900 3903 5861 5375 5780 4909 4911 4909 4909 4909 4909 4909 4909 4921 5246 6014 6042 6015 6070 7301 7316 7451 7344 7344 7347 7261 7358 8863 8802 9672 6695 6695 6586 6586 6586 6586 6586 6586 6265 6265 6265 10165 
3900 3900 3900 3900 4435 6599 5512 5502 5165 4909 4909 4909 4909 4909 4909 4909 4929 5194 5968 6060 6042 6035 6790 7161 7333 7256 7266 7183 7254 7513 7880 7784 8703 9771 6712 6695 6586 6586 6586 6586 6586 6586 6265 6265 10165 
3900 3900 3900 3952 5661 5135 5403 5163 5155 5154 4909 4909 4909 4909 4909 4909 4910 5072 6081 6087 6063 6062 6787 7454 7118 7385 7114 7177 7438 7655 7779 8219 8171 9231 9442 6712 6695 6586 6586 6586 6586 6586 6586 6265 10165 
3900 3900 3900 4162 5855 6102 5154 5155 5154 5154 5154 4909 4909 4909 4909 4909 4909 5018 5803 6200 6101 5906 6884 7045 7373 6991 7173 7387 7291 7563 8094 7737 8641 9551 9241 9192 6712 6695 6586 6586 6586 6586 6586 6586 10165 
3900 3900 3900 5160 5663 5809 5812 5154 5154 5154 5154 5154 4909 4909 4909 4909 4909 4930 5258 6248 5905 5908 6608 7154 6972 7148 7867 8524 8702 7591 7590 7807 8944 10112 9192 9021 9021 6712 6695 6586 6586 6586 6586 6586 10486 
3900 3900 3926 5744 5859 5823 5809 5801 5154 5154 5154 5154 5154 4909 4909 4909 4909 4910 5046 5798 6094 5905 6239 6921 6976 8504 9331 8410 10586 10937 8673 8783 10530 9192 9021 9021 8037 7079 6712 6695 6586 6586 6586 6586 10486 
3900 3900 4251 5557 5831 5816 5801 5749 5749 5154 5156 5157 5155 5154 4909 4909 4909 4910 5021 5776 6082 6072 6302 6746 7509 7484 9634 8887 9742 9503 10644 9925 9021 9021 9021 8037 7079 7079 7079 6712 6695 6586 6586 6586 10486 
3900 3900 4411 5795 5743 5799 5749 5749 5752 5764 5313 5389 5223 5157 5155 4910 4909 4910 5018 5776 6072 6072 6269 6311 6452 8178 8013 7156 8706 9732 9155 9265 9265 9021 8037 7079 7079 7079 7079 7079 6712 6695 6586 6586 10486 
3900 3900 5121 5616 5808 5748 5750 5758 6091 6564 6276 5734 6136 5892 5199 5159 4912 4910 5032 5771 6076 6070 6151 7231 7255 6988 7124 7954 7325 8065 9933 10561 9369 8037 7079 7079 7079 7079 7079 7079 7079 6712 6695 6586 10486 
3900 3900 5374 6138 5764 5770 5761 6423 6821 7363 8547 7932 7494 6978 7190 5239 5162 4913 5029 5777 6070 6074 6088 6951 7621 7776 9156 8492 9321 8274 9070 9815 8037 7079 7079 7079 7079 7079 7079 7079 7079 7079 6712 6695 10486 
3900 3991 5672 5876 6032 5767 6081 6821 9689 9792 7994 8373 9271 11394 7771 8165 5255 5164 5028 5779 6073 6074 6079 6575 6651 7698 8281 7080 7600 8295 8454 7573 7079 7079 7079 7079 7079 7079 7079 7079 7079 7079 7079 6712 10595 
3900 4187 6203 5956 5880 5822 6510 7147 9802 7992 8722 9693 8373 8962 11668 8613 8459 5262 5279 5774 6078 6076 6074 6099 6987 7823 7079 7079 7079 7141 7091 7079 7079 7079 7079 7079 7079 7079 7079 7079 7079 7079 7079 6749 10612 
3900 5487 5675 5738 5811 5743 6018 7434 7992 8339 9720 11402 11311 8381 10447 11239 9231 8467 5388 6033 6079 6081 6076 6083 6852 6590 7754 7079 7079 7079 7079 7079 7079 7079 7079 7079 7079 7079 7079 7079 7079 7079 6749 6749 10649 
3900 5210 5509 5700 5579 5541 5902 7410 7609 7815 10289 9556 11405 8098 10400 11208 9203 8661 5424 6109 6336 6083 6088 6079 6515 6600 7364 7364 7079 7079 7079 7079 7079 7079 7079 7079 7079 7079 7079 7079 7079 6749 6749 6749 10649 
3900 5356 5512 5558 5424 5424 6136 6712 9680 7609 7815 9455 8079 8663 11430 8628 8653 5310 5360 6090 6374 6342 6679 6097 6520 6568 7392 7364 7364 7079 7079 7079 7079 7079 7079 7079 7079 7079 7079 7079 6749 6749 6749 6749 10649 
3900 5193 5411 5421 5420 5368 5617 6488 8924 9680 7505 8018 8894 11288 7676 8297 5304 5239 5339 6079 6465 7077 7314 7385 6675 6573 7396 7392 7364 7364 7079 7079 7079 7079 7079 7079 7079 7079 7079 6749 6749 6749 6749 6749 10649 
3900 5248 5357 5419 5362 5362 5369 5880 6488 6752 7951 7305 7388 6948 7301 5298 5238 5228 5333 6084 6485 7387 7090 8015 7972 6731 7397 7396 7392 7364 7364 7079 7079 7079 7079 7079 7079 7079 6749 6749 6749 6749 6749 6749 10649 
3900 5096 5350 5361 5361 5361 5361 5367 5609 6100 5742 5761 6170 5984 5267 5234 5227 5228 5339 6087 6480 7373 7097 7934 8560 8025 7617 7397 7396 7392 7364 7364 7079 7079 7079 7079 7079 6749 6749 6749 6749 6749 6749 6749 10649 
3900 5211 5346 5363 5361 5361 5361 5361 5241 5245 5369 5397 5295 5242 5229 5227 5227 5229 5385 6172 6525 7096 7037 7931 8622 8554 9003 7617 7397 7396 7392 7364 7364 7079 7079 7079 6749 6749 6749 6749 6749 6749 6749 6749 10649 
3900 5263 5681 5378 5363 5361 5361 5236 5227 5231 5231 5231 5232 5227 5227 5227 5228 5260 5716 6443 6228 7037 7038 7926 8509 8229 9145 8566 7617 7397 7396 7392 7144 7144 7079 6749 6749 6749 6749 6749 6749 6749 6749 6749 10649 
3900 5170 5673 5687 5378 5363 5236 5227 5227 5227 5227 5227 5227 5227 5227 5227 5228 5290 5807 6583 6458 7077 7038 7941 8080 8196 8551 8654 8139 7617 7397 7144 7144 7144 6749 6749 6749 6749 6749 6749 6749 6749 6749 6749 10649 
3900 5161 5660 5682 5440 5236 5227 5227 5227 5227 5227 5227 5227 5227 5227 5227 5227 5284 5790 6650 6603 7234 7078 7855 8100 8117 8548 8139 8139 7928 7144 7144 7144 6749 6749 6749 6749 6749 6749 6749 6749 6749 6749 6749 10649 
3900 5176 5667 5440 5236 5227 5227 5227 5227 5227 5227 5227 5227 5227 5227 5227 5227 5283 5797 6648 6659 7382 7234 7898 8098 8134 8048 8139 7928 7144 7144 7144 6749 6749 6749 6749 6749 6749 6749 6749 6749 6749 6749 6749 10649 
3900 5165 5416 5236 5227 5227 5227 5227 5227 5228 5230 5230 5230 5228 5227 5227 5227 5284 5788 6640 6656 7294 7234 7950 8141 7617 8052 7928 7144 7144 7144 6749 6749 6749 6749 6749 6749 6749 6749 6749 6749 6749 6749 6749 10649 
3900 5008 5224 5227 5227 5227 5227 5227 5231 5362 5705 5788 5802 5387 5232 5231 5229 5280 5798 6637 6512 7234 7129 7952 7583 7621 7839 7144 7144 7144 6749 6749 6749 6749 6749 6749 6749 6749 6749 6749 6749 6749 6749 6749 10649 
3900 5026 5225 5227 5227 5227 5227 5230 5963 6208 6184 6623 6636 6824 6153 5236 5233 5286 5810 6493 6450 7129 7131 7347 7349 7044 7000 7287 7144 6749 6749 6749 6749 6749 6749 6749 6749 6749 6749 6749 6749 6749 6749 6749 10649 
3900 5017 5230 5229 5227 5229 5232 6161 5950 8589 9112 8136 9489 9435 7446 7225 5243 5260 5519 6438 6349 7284 6595 7449 6379 6683 6446 7257 6749 6749 6749 6749 6749 6749 6749 6749 6749 6749 6749 6749 6749 6749 6749 6749 10649 
3900 5016 5227 5230 5232 5230 5558 6195 9807 7806 7858 8008 8045 9528 11753 8311 7640 5248 5378 6134 6464 6326 7019 6376 6162 6295 6502 6749 6749 6749 6749 6749 6749 6749 6749 6749 6749 6749 6749 6749 6749 6749 6749 6749 10649 
3900 5016 5225 5230 5230 5238 5849 6522 8870 7915 8465 9808 8189 8045 10385 10260 8956 7643 5361 6107 6148 6106 6229 6109 6112 6737 6365 7328 6749 6749 6771 6803 6749 6749 6749 6749 6749 6749 6749 6749 6749 6749 6749 6749 10649 
3900 5016 5227 5230 5230 5258 5694 6808 7915 8406 9892 9072 11022 8203 9125 10309 10662 8752 7773 5857 6105 6109 6107 6108 6265 6714 7140 7351 7367 6921 8086 7906 7808 6749 6749 6749 6749 6749 6749 6749 6749 6749 6749 6749 10649 
3900 5016 5225 5230 5229 5232 5845 6621 8726 7945 8860 9482 9262 8200 10289 10305 8702 7693 5106 5805 6106 6109 6109 6115 6561 7413 7138 8784 8609 9439 8212 8829 9260 8770 6749 6749 6749 6749 6749 6749 6749 6749 6749 6749 10649 
3900 5016 5227 5229 5229 5229 5611 6142 9786 7502 7502 8375 8200 9301 12050 8002 7667 4971 5059 5813 6110 6109 6109 6108 7027 7147 7032 7051 7687 7635 8102 9597 10961 9495 8770 6749 6749 6749 6749 6749 6749 6749 6749 6749 10649 
3900 5016 5228 5231 5225 5223 5230 6216 5868 8725 9244 8182 9515 9696 7073 7110 4963 4947 5063 5805 6106 6109 6105 6140 6338 6369 7396 8392 7131 8335 9986 9496 9731 9731 9390 8770 6749 6749 6749 6749 6749 6749 6749 6749 10649 
3900 5029 5231 5225 5223 5223 5224 5227 5956 6297 6231 6765 6681 6481 5978 4957 4944 4942 5059 5808 6106 6105 6106 6237 6884 6810 8075 8672 9310 9807 8671 9835 10199 9390 9390 9208 8770 6749 6749 6749 6749 6749 6749 6749 10649 
3900 5047 5220 5223 5223 5223 5223 5225 5229 5388 5853 5800 5556 5145 4951 4943 4941 4942 5057 5801 6102 6105 6106 6211 7002 7308 7875 9570 8292 9704 11124 9003 8822 10544 9208 9208 9208 8770 6749 6749 6749 6749 6749 6749 10649 
3900 5589 5502 5260 5224 5223 5223 5223 5224 5229 5228 4945 4944 4946 4941 4941 4941 4942 5055 5808 6103 6105 6109 6451 7353 7126 7221 7805 8678 8705 7925 7807 7963 8574 9820 9275 8819 8819 8216 6749 6749 6749 6749 6749 10649 
3900 5398 5609 5595 5262 5224 5223 5223 5223 5224 4941 4941 4941 4941 4941 4941 4941 4942 5063 5802 6101 6104 6079 6949 7205 7478 7222 7340 7514 7580 7745 8360 7850 8380 9494 8819 8819 8216 7114 7101 6749 6749 6749 6749 10649 
3900 4389 5813 5915 5376 5262 5224 5223 5223 4941 4941 4941 4941 4941 4941 4941 4941 4943 5069 5820 6101 6070 6081 6968 8097 7303 7524 7443 7391 7585 7969 7692 8085 7823 8761 9350 8216 7114 7101 7101 7101 6749 6749 6749 10649 
3900 3955 5735 5371 5471 5377 5262 5224 4941 4941 4941 4941 4941 4941 4941 4941 4941 4943 5065 5816 6065 6069 6083 6960 7565 7489 7548 7492 7535 7448 7596 8158 7714 8124 9615 8216 7114 7101 7101 7101 7101 7101 6749 6749 10649 
3900 3900 4643 6197 5670 5342 5343 4941 4941 4941 4941 4941 4941 4941 4941 4941 4941 4942 5026 5765 6278 6070 6071 7323 7379 7425 7470 7562 7561 7673 7551 8667 9356 10043 8005 7114 7101 7101 7101 7101 7101 7101 7101 6749 10649 
3900 3900 3900 6021 5321 5518 4941 4942 4941 4941 4941 4941 4941 4941 4941 4941 4941 4941 5003 5773 6351 6282 6241 6338 7029 7939 8533 8291 8127 7897 9277 9985 8296 7442 7108 7101 7101 7101 7101 7101 7101 7101 7101 7014 10649 
3900 3900 3900 4112 6557 4935 5059 4946 4942 4941 4941 4941 4941 4941 4941 4941 4941 4942 5067 6123 6441 6148 6241 6324 6654 7087 7832 8314 8175 8202 8428 7101 7101 7101 7101 7101 7101 7101 7101 7101 7101 7101 7014 6953 10853 
3900 3900 3900 3900 4374 6377 5004 5106 4947 4942 4942 4941 4941 4941 4941 4941 4941 4982 5438 6504 6145 6146 6495 6476 7160 6824 6824 6832 6940 7059 7060 7402 7386 7392 7447 7140 7101 7101 7101 7101 7101 7014 6953 6953 10853 
3900 3900 3900 3900 3900 4440 6376 5457 5152 4950 4942 4943 4941 4941 4941 4941 4941 4991 5501 6301 6304 6152 6327 6418 7154 7154 6824 6824 6880 8286 8764 8175 7266 7183 7238 7857 7177 7101 7101 7101 7014 6953 6953 6953 10853 
3900 3900 3900 3900 3900 3900 5086 6023 5732 5187 4951 4942 4942 4941 4941 4941 4941 4989 5513 6384 6377 5816 7253 6103 7392 7154 7154 6875 9484 8256 6914 6101 6005 6006 6058 7531 7756 7177 7101 7014 6953 8097 8296 6977 10853 
3900 3900 3900 3900 3900 3900 3904 5707 5870 5459 5334 4961 4942 4942 4941 4941 4941 4989 5511 6516 5670 6187 6008 7055 7320 7223 6578 8021 6518 5936 5812 5709 5715 5712 5723 6078 7185 7419 7014 6953 9291 9152 9171 7525 10877 
3900 3900 3900 3900 3900 3900 3900 3905 4906 6235 5345 5632 5040 4944 4943 4941 4941 4973 5194 5419 5825 5893 6135 5880 5937 5303 5374 5589 5725 5726 5707 5705 5705 5735 5964 7366 7717 7014 6953 8679 8659 6972 6174 7572 11425 
3900 3900 3900 3900 3900 3900 3900 3900 3900 4063 5839 5975 5375 5293 4992 4947 4943 5024 5633 7210 5547 5221 5049 4967 5098 5553 6233 6182 5692 5705 5705 5705 5727 5980 6937 8149 6953 6953 7596 8674 6787 5317 6271 7538 11438 
3900 3900 3900 3900 3900 3900 3900 3900 3900 3900 3900 5039 6572 5392 5846 5226 5039 5173 5864 6406 5041 5042 4950 4950 4952 4961 4950 6234 6033 5742 5708 5706 5697 5958 8059 6890 6998 7631 9023 6474 5235 5226 6230 7547 11316 
3900 3900 3900 3900 3900 3900 3900 3900 3900 3900 3900 3900 4377 5605 6099 5518 6296 6171 5565 5031 6582 4950 4990 4960 4953 4874 4881 5687 6073 6175 5825 5515 5482 6686 6752 7331 8529 7642 5830 5215 5161 5242 6192 7416 11043 
3900 3900 3900 3900 3900 3900 3900 3900 3900 3900 3900 3900 3900 3900 4133 5354 5255 4869 4587 6230 4475 5173 5979 5648 4874 4885 4883 4920 5894 6302 5447 5252 5527 6357 6463 7678 5974 5305 5182 5159 5158 5214 6041 7143 10583 
3900 3900 3900 3900 3900 3900 3900 3900 3900 3900 3900 3900 3900 3900 3900 3900 3900 3900 3900 3951 5367 5464 5117 4759 6248 5427 5338 6457 5804 5439 5246 5238 5253 5419 5934 5306 5190 5158 5158 5158 5158 5160 5433 6683 10459 
3900 3900 3900 3900 3900 3900 3900 3900 3900 3900 3900 3900 3900 3900 3900 3900 3900 3900 3900 3900 3900 3900 4627 5999 4956 4980 5252 6104 5241 5176 5161 5160 5158 5173 5169 5159 5158 5158 5158 5158 5158 5164 5404 6559 10459 
3900 3900 3900 3900 3900 3900 3900 3900 3900 3900 3900 3900 3900 3900 3900 3900 3900 3900 3900 3900 3900 3900 3900 3900 4930 5027 5851 5026 5169 5157 5157 5157 5158 5158 5158 5158 5158 5158 5160 5159 5162 5226 5650 6677 10459 
3900 3900 3900 3900 3900 3900 3900 3900 3900 3900 3900 3900 3900 3900 3900 3900 3900 3900 3900 3900 3900 3900 3900 3900 3900 3901 4428 6422 5156 5358 5236 5162 5157 5158 5159 5158 5159 5158 5165 5182 5326 5848 7075 6590 10490 
3900 3900 3900 3900 3900 3900 3900 3900 3900 3900 3900 3900 3900 3900 3900 3900 3900 3900 3900 3900 3900 3900 3900 3900 3900 3900 3900 4489 5951 5546 6070 5487 5276 5242 5239 5242 5242 5239 5332 5892 6573 7410 6599 6599 10490 
3900 3900 3900 3900 3900 3900 3900 3900 3900 3900 3900 3900 3900 3900 3900 3900 3900 3900 3900 3900 3900 3900 3900 3900 3900 3900 3900 3900 4348 5036 6771 8228 6704 6298 6237 6234 6237 6300 6952 7359 7066 6677 6677 6599 10499 
3900 7800 7800 7800 7800 7800 7800 7800 7800 7800 7800 7800 7800 7800 7800 7800 7800 7800 7800 7800 7800 7800 7800 7800 7800 7800 7800 7800 7800 8248 8936 10671 12128 10604 10198 10137 10134 10137 10200 10852 11259 10966 10577 10577 10499 
