74 45
3900 3900 3900 3900 3900 3900 3900 3900 3900 3900 3900 3900 3900 3900 3900 3900 3900 3900 3900 3900 3900 3900 3900 3900 3900 3900 3900 3900 3900 3900 3900 3900 3900 3900 3900 3900 3900 3900 3900 3900 3900 3900 3900 3900 3900 
3900 0 0 0 0 0 0 0 0 0 0 0 0 0 0 0 0 0 0 0 0 0 0 0 0 0 0 158 307 1304 1794 1224 1048 1051 1032 1037 1080 1959 1690 781 4 0 0 0 3900 
3900 0 0 0 0 0 0 0 0 0 0 0 0 0 0 0 0 0 0 0 0 0 0 0 0 0 181 1737 1486 1175 394 100 60 56 67 64 70 223 1107 1843 1865 269 0 0 3900 
3900 0 0 0 0 0 0 0 0 0 0 0 0 0 0 0 0 0 0 0 0 0 0 0 0 114 2646 1204 402 106 10 0 1 0 0 0 0 6 70 225 1124 2049 432 0 3900 
3900 0 0 0 0 0 0 0 0 0 0 0 0 0 0 0 0 0 0 0 0 0 0 511 971 2605 1279 222 6 1 0 0 0 3 1 1 0 0 1 5 139 788 1326 178 3900 
3900 0 0 0 0 0 0 0 0 0 0 0 0 0 0 0 0 0 0 0 0 261 1540 1557 251 67 721 115 2 0 1 2 2 3 1 1 0 0 0 0 9 264 1223 361 3900 
3900 0 0 0 0 0 0 0 0 0 0 0 0 0 0 0 0 0 4 1032 1212 1539 125 1115 997 934 1695 630 144 69 76 127 177 368 82 8 2 0 0 0 2 246 1221 398 3900 
3900 0 0 0 0 0 0 0 0 0 0 0 0 9 1111 945 563 284 2244 915 146 813 905 344 15 19 149 990 335 2 10 165 728 1210 1317 352 30 3 2 1 41 716 1655 39 3900 
3900 0 0 0 0 0 0 0 0 0 0 0 851 2507 1706 1148 1241 877 92 1591 543 229 10 2 1 12 533 1126 203 72 89 264 1274 528 1498 1882 1304 195 7 0 85 1006 1400 0 3900 
3900 0 0 0 0 0 0 0 0 0 0 1799 2647 887 242 79 282 1117 1450 26 6 2 0 0 6 83 1256 362 69 4 4 205 505 2125 122 384 1346 2067 314 12 66 983 1356 0 3900 
3900 0 0 0 0 0 0 0 0 0 1501 2478 217 178 4 1 89 860 1937 25 15 5 9 24 467 1175 1354 117 7 1 2 27 368 1348 1394 16 0 1060 1661 295 92 1044 1356 0 3900 
3900 0 0 0 0 0 0 0 0 576 2661 217 140 5 1 0 35 231 669 989 466 596 474 999 586 122 26 204 39 0 2 3 61 293 2061 1073 16 12 2043 1447 208 880 1368 0 3900 
3900 0 0 0 0 0 0 0 57 2700 727 222 3 1 1 0 42 406 1093 249 104 46 667 902 1528 1695 2817 685 133 24 3 1 1 61 397 1207 272 0 11 2876 2228 2494 1513 23 3900 
3900 0 0 0 0 0 0 324 2571 1358 255 6 2 0 0 1 46 573 961 275 468 1321 162 1558 0 0 481 1892 806 558 160 125 150 248 1378 1671 2 0 0 3 1493 1513 23 0 3900 
3900 0 0 0 0 0 494 2780 946 264 6 0 0 0 0 0 50 530 865 6 14 635 52 1147 415 1239 1440 797 14 137 1153 1078 1058 1173 2103 211 0 0 0 0 0 0 0 0 3900 
3900 0 0 0 0 193 2940 479 326 4 0 0 0 0 0 0 46 570 916 1 1 450 351 1496 1633 1278 773 516 263 1548 1046 91 149 701 211 0 0 0 0 0 0 0 0 0 3900 
3900 0 0 0 3 1961 1282 405 36 2 0 0 0 0 0 0 12 325 820 74 0 55 1266 895 290 11 88 81 78 128 1505 1203 2608 203 0 0 0 0 0 0 0 0 0 0 3900 
3900 0 0 0 535 2696 377 127 2 0 0 0 0 0 0 0 20 284 896 92 0 20 755 374 172 138 10 69 77 259 522 5 919 1600 17 0 0 0 0 0 0 0 0 0 3900 
3900 0 0 52 1761 700 268 9 0 0 0 0 0 0 0 0 1 163 1063 284 3 20 881 667 73 267 123 63 261 401 266 440 434 1060 211 0 0 0 0 0 0 0 0 0 3900 
3900 0 0 262 1903 441 19 1 0 0 0 0 0 0 0 0 0 109 873 942 14 1 978 437 328 19 182 273 114 272 531 147 904 1380 10 0 0 0 0 0 0 0 0 0 3900 
3900 0 0 1260 1501 146 3 0 0 0 0 0 0 0 0 0 0 21 348 1202 107 3 703 915 51 176 876 1351 1315 300 27 217 1207 1471 0 0 0 0 0 0 0 0 0 0 3900 
3900 0 26 1844 699 160 0 0 0 0 0 0 0 0 0 0 0 1 136 777 318 0 334 682 230 1532 2183 543 2176 2235 1082 1193 2723 248 0 0 0 0 0 0 0 0 0 0 3900 
3900 0 351 1631 274 73 2 0 0 0 2 3 1 0 0 0 0 1 111 758 306 0 397 507 1198 1032 2150 874 2586 797 1141 1252 238 0 0 0 0 0 0 0 0 0 0 0 3900 
3900 0 511 1544 186 56 1 0 3 15 159 233 66 2 1 1 0 1 108 758 301 0 199 160 141 1726 1025 32 1550 2407 1090 110 0 0 0 0 0 0 0 0 0 0 0 0 3900 
3900 0 1221 1205 192 5 2 9 342 812 512 421 747 669 42 4 2 1 122 753 305 0 81 1143 944 536 136 830 169 740 1868 1491 104 0 0 0 0 0 0 0 0 0 0 0 3900 
3900 0 1474 1017 148 6 13 673 1063 1272 1983 1656 1760 842 1298 40 3 1 119 749 299 4 18 872 1046 1125 2168 1368 2241 949 1005 1361 464 0 0 0 0 0 0 0 0 0 0 0 3900 
3900 91 1772 502 156 3 314 1060 3266 2971 631 379 1339 3900 793 975 16 2 115 751 299 4 5 501 552 1047 583 1 521 1216 1313 482 0 0 0 0 0 0 0 0 0 0 0 0 3900 
3900 287 2212 284 142 11 767 1129 2981 0 730 1699 0 589 3287 842 294 7 115 746 304 3 0 25 904 1172 489 0 0 62 12 0 0 0 0 0 0 0 0 0 0 0 0 0 3900 
3900 1587 1488 229 111 164 477 1532 845 730 1905 2680 1755 8 2349 839 618 8 126 754 305 3 0 9 773 75 1164 0 0 0 0 0 0 0 0 0 0 0 0 0 0 0 0 0 3900 
3900 1310 299 191 21 117 478 1508 897 206 2680 1741 1950 19 2302 808 575 8 114 749 303 4 7 3 436 85 796 0 0 0 0 0 0 0 0 0 0 0 0 0 0 0 0 0 3900 
3900 1456 319 147 3 4 768 1095 3192 0 206 1950 61 584 3332 952 356 6 121 751 295 6 596 9 441 53 824 0 0 0 0 0 0 0 0 0 0 0 0 0 0 0 0 0 3900 
3900 1293 218 64 1 6 255 1119 3044 3192 753 513 1589 3900 728 996 6 1 111 746 386 703 972 706 578 53 828 0 0 0 0 0 0 0 0 0 0 0 0 0 0 0 0 0 3900 
3900 1348 261 69 1 1 8 519 1121 1143 1851 1563 1627 778 1317 31 4 1 105 751 406 922 13 925 587 56 824 0 0 0 0 0 0 0 0 0 0 0 0 0 0 0 0 0 3900 
3900 1196 254 15 0 0 0 6 248 859 497 392 773 689 25 5 0 1 111 754 396 893 1 897 629 53 886 0 0 0 0 0 0 0 0 0 0 0 0 0 0 0 0 0 3900 
3900 1311 250 17 0 0 0 0 5 18 138 166 64 10 2 0 0 2 157 833 438 868 0 894 696 45 978 0 0 0 0 0 0 0 0 0 0 0 0 0 0 0 0 0 3900 
3900 1363 511 32 0 0 0 0 0 4 4 4 5 0 0 0 1 33 487 1058 56 809 1 889 583 149 949 15 0 0 0 0 0 0 0 0 0 0 0 0 0 0 0 0 3900 
3900 1270 512 27 0 0 0 0 0 0 0 0 0 0 0 0 1 63 547 867 15 849 1 903 225 116 434 106 0 0 0 0 0 0 0 0 0 0 0 0 0 0 0 0 3900 
3900 1261 499 22 0 0 0 0 0 0 0 0 0 0 0 0 0 57 507 860 20 776 1 817 245 37 431 91 0 0 0 0 0 0 0 0 0 0 0 0 0 0 0 0 3900 
3900 1276 506 24 0 0 0 0 0 0 0 0 0 0 0 0 0 56 514 860 19 779 0 820 243 36 431 91 0 0 0 0 0 0 0 0 0 0 0 0 0 0 0 0 3900 
3900 1265 408 12 0 0 0 0 0 1 3 3 3 1 0 0 0 57 508 852 19 782 0 821 243 34 435 89 0 0 0 0 0 0 0 0 0 0 0 0 0 0 0 0 3900 
3900 1108 216 3 0 0 0 0 4 135 477 558 572 157 4 4 2 53 518 849 19 784 0 823 236 272 795 144 0 0 0 0 0 0 0 0 0 0 0 0 0 0 0 0 3900 
3900 1126 217 3 0 0 0 3 736 977 822 918 848 1022 766 4 2 57 550 974 12 780 2 752 2 665 317 841 0 0 0 0 0 0 0 0 0 0 0 0 0 0 0 0 3900 
3900 1117 214 4 0 2 5 934 720 2639 2904 1952 2866 2799 622 1072 7 27 271 1060 215 935 269 854 3 521 151 811 0 0 0 0 0 0 0 0 0 0 0 0 0 0 0 0 3900 
3900 1116 211 5 3 3 329 963 3646 1856 52 150 37 1483 3708 865 415 5 130 773 357 178 913 147 53 183 207 384 0 0 0 0 0 0 0 0 0 0 0 0 0 0 0 0 3900 
3900 1116 209 5 0 8 619 964 2675 0 659 1950 181 0 2340 1135 645 3 113 746 291 1 123 2 4 625 70 963 0 0 22 54 0 0 0 0 0 0 0 0 0 0 0 0 3900 
3900 1116 211 5 0 29 462 1114 1393 491 1977 607 1950 14 1080 1184 402 50 130 751 300 4 1 1 157 602 426 986 39 172 1337 1135 1005 0 0 0 0 0 0 0 0 0 0 0 3900 
3900 1116 209 5 0 3 616 1010 2584 30 1358 1980 887 0 2089 1180 700 26 135 746 301 4 0 8 453 1148 424 1752 1558 2072 1291 743 1354 962 0 0 0 0 0 0 0 0 0 0 3900 
3900 1116 211 4 0 4 388 912 3644 1634 0 873 18 1101 3850 929 557 8 112 754 305 3 0 3 919 809 663 19 636 504 467 1495 2132 235 0 0 0 0 0 0 0 0 0 0 3900 
3900 1116 212 4 0 0 7 992 641 2857 2947 1951 2750 3015 592 1132 6 3 121 746 301 3 0 35 230 31 1027 1360 80 1204 2351 1394 235 0 0 0 0 0 0 0 0 0 0 0 3900 
3900 1129 215 5 0 0 1 4 731 1068 843 912 881 925 833 6 1 1 117 751 305 3 1 132 744 472 1706 1276 918 2676 336 1164 1196 568 0 0 0 0 0 0 0 0 0 0 3900 
3900 1147 191 3 0 0 0 2 6 164 624 572 611 201 5 2 0 1 115 746 301 3 1 105 791 424 1065 2349 487 1412 2419 1078 1015 2581 634 0 0 0 0 0 0 0 0 0 3900 
3900 1689 455 40 1 0 0 0 1 6 4 4 3 5 0 0 0 1 113 753 302 4 5 372 1142 124 95 584 1338 1191 345 62 156 724 1440 67 0 0 0 0 0 0 0 0 3900 
3900 1498 1220 93 2 0 0 0 0 1 0 0 0 0 0 0 0 1 121 747 299 3 9 870 754 273 96 119 174 189 165 615 158 530 1671 58 0 0 0 0 0 0 0 0 3900 
3900 489 1858 306 5 0 0 0 0 0 0 0 0 0 0 0 0 2 127 757 299 5 12 889 1148 98 221 221 51 194 521 96 393 109 938 589 0 0 0 0 0 0 0 0 3900 
3900 55 1835 728 100 1 0 0 0 0 0 0 0 0 0 0 0 2 123 790 300 4 14 889 605 110 245 22 92 57 148 607 22 410 1792 211 0 0 0 0 0 0 0 0 3900 
3900 0 743 2297 299 21 1 0 0 0 0 0 0 0 0 0 0 1 85 762 513 5 2 1252 1041 396 45 92 69 138 103 1116 1198 2329 563 6 0 0 0 0 0 0 0 0 3900 
3900 0 0 2121 1209 197 6 1 0 0 0 0 0 0 0 0 0 0 62 770 586 4 171 267 705 1285 1446 821 565 336 1604 2434 1195 341 7 0 0 0 0 0 0 0 0 0 3900 
3900 0 0 212 2657 561 124 5 0 0 0 0 0 0 0 0 0 1 126 1120 668 3 95 83 330 433 1008 1490 1343 1262 1369 41 0 0 0 0 0 0 0 0 0 0 0 0 3900 
3900 0 0 0 474 2477 564 102 1 0 1 0 0 0 0 0 0 41 496 1437 22 1 349 235 836 170 0 8 116 179 1 342 285 291 346 39 0 0 0 0 0 0 0 0 3900 
3900 0 0 0 0 540 2476 453 46 3 0 1 0 0 0 0 0 50 519 863 3 7 511 91 1051 0 0 0 56 1406 1705 1261 1165 1178 1232 1799 37 0 0 0 0 0 0 0 3900 
3900 0 0 0 0 0 1186 2119 275 35 1 0 0 0 0 0 0 48 524 883 76 146 1437 95 1289 0 0 297 2660 1738 978 289 296 291 346 1808 1678 0 0 0 0 1144 1343 24 3900 
3900 0 0 0 0 0 4 1807 1965 553 147 10 0 0 0 0 0 48 538 1322 251 517 192 1047 1440 1286 1275 2647 929 211 86 2 10 7 11 355 1107 234 0 0 2338 2199 2199 1351 3900 
3900 0 0 0 0 0 0 5 1006 2335 1282 298 79 2 1 0 0 32 221 225 406 346 914 831 970 205 71 215 136 34 2 0 0 30 252 1643 1639 61 0 1726 1706 185 857 1398 3900 
3900 0 0 0 0 0 0 0 0 163 1939 2075 336 253 48 4 2 83 660 2016 128 180 7 17 148 601 1272 1232 103 13 0 0 22 283 1202 2185 63 0 643 1721 313 82 1045 1364 3900 
3900 0 0 0 0 0 0 0 0 0 0 1139 2672 1015 553 234 92 230 840 841 10 1 0 0 2 9 76 1353 346 50 3 1 182 476 2101 138 108 678 2070 644 20 65 1004 1355 3900 
3900 0 0 0 0 0 0 0 0 0 0 0 477 1705 2199 1385 1070 1132 696 444 1551 475 40 10 3 0 7 806 1153 281 83 68 230 1204 794 868 1639 1668 525 33 2 84 978 1375 3900 
3900 0 0 0 0 0 0 0 0 0 0 0 0 0 233 1454 1355 969 687 2330 524 698 1029 658 115 11 9 39 974 498 8 6 289 1104 1044 1744 668 115 24 1 0 56 881 1710 3900 
3900 0 0 0 0 0 0 0 0 0 0 0 0 0 0 0 0 0 0 51 1467 1564 1217 132 1489 553 453 1574 884 198 70 77 93 261 761 137 31 0 0 0 0 2 273 1279 3900 
3900 0 0 0 0 0 0 0 0 0 0 0 0 0 0 0 0 0 0 0 0 0 727 2099 1056 50 272 852 215 7 4 3 1 15 11 1 0 0 0 0 0 6 244 1155 3900 
3900 0 0 0 0 0 0 0 0 0 0 0 0 0 0 0 0 0 0 0 0 0 0 0 1030 1127 1950 598 143 1 0 0 1 1 0 0 0 0 2 1 4 68 486 1273 3900 
3900 0 0 0 0 0 0 0 0 0 0 0 0 0 0 0 0 0 0 0 0 0 0 0 0 1 528 2522 667 202 79 5 0 1 1 0 1 0 7 22 167 686 1849 940 3900 
3900 0 0 0 0 0 0 0 0 0 0 0 0 0 0 0 0 0 0 0 0 0 0 0 0 0 0 589 2051 1198 1034 251 114 85 81 83 84 80 174 727 1391 2084 751 0 3900 
3900 0 0 0 0 0 0 0 0 0 0 0 0 0 0 0 0 0 0 0 0 0 0 0 0 0 0 0 448 688 1735 2158 1217 1022 995 995 995 1058 1713 2027 1174 104 0 0 3900 
3900 3900 3900 3900 3900 3900 3900 3900 3900 3900 3900 3900 3900 3900 3900 3900 3900 3900 3900 3900 3900 3900 3900 3900 3900 3900 3900 3900 3900 3900 3900 3900 3900 3900 3900 3900 3900 3900 3900 3900 3900 3900 3900 3900 3900 
